Mass ,BH velocity, BHx direction , BHy direction , BHz direction, Position BH,Radius Influence, Velocity stars sphere,Velocity stars with respect BH '
' 162956.69084953613  24.794882415447734  [0.60486231]  [-0.82285164]  [0.05817261]  1.022901408109107  0.029797463989925055  23.445768623949675  9.030541050513174
162966.29212764202  23.376174193746778  [0.28950893]  [-1.14584072]  [-0.04725539]  1.18279306940649  0.018287012431242814  24.891074591258256  10.556547989555206
162968.37587748136  21.504267992819305  [-0.08146496]  [-1.21748072]  [-0.0117053]  1.2202593417725136  0.010003174457029532  nan  nan
162970.15507926728  20.090967875488793  [-0.38353648]  [-1.17399617]  [-0.18439452]  1.2487468070936307  0.008108345943785508  nan  nan
162975.90943459285  18.926734075893535  [-0.74409119]  [-0.97026397]  [-0.31905768]  1.2636778308134407  0.006859499068833914  nan  nan
162976.61470376924  18.614697825655522  [-1.02378607]  [-0.7207941]  [-0.4089798]  1.3171736907650264  0.005803413555100338  nan  nan
162980.68603037842  19.13021523800321  [-1.1996417]  [-0.43292007]  [-0.33658296]  1.3190330143098425  0.006000752976650727  nan  nan
162988.60427976793  20.102275064987143  [-1.24319134]  [-0.16290402]  [-0.30305351]  1.2899239732587178  0.010394715451312445  19.98038414978889  3.9961644235018468
162996.74693298628  21.1403084894305  [-1.13222506]  [0.19217027]  [-0.23083463]  1.1713870468656116  0.02733249554661768  21.691548884706112  6.7762732776457995
163003.46301900691  21.223035353006683  [-0.9260713]  [0.59265774]  [-0.09823392]  1.103857397869466  0.03622543972007741  21.968979415461543  9.57280691932449
163005.5788265361  20.971766443079932  [-0.69796347]  [0.9053958]  [0.01335108]  1.1432728516129567  0.02754520433518105  22.247213071445184  7.334035083320013
163019.92464273772  20.663782895438462  [-0.37280466]  [1.09460649]  [0.13269172]  1.1639389027096967  0.014311736910699296  22.296289779127378  3.767429314580612
163028.85270935707  19.62886725355223  [0.0297005]  [1.11903917]  [0.26820695]  1.1511150032272122  0.00906826523781416  nan  nan
163036.3542087787  18.14379544333158  [0.4304487]  [0.9912076]  [0.38723673]  1.1479245897052395  0.007296129037638502  nan  nan
163039.43174700296  17.14471774203298  [0.7893768]  [0.79941129]  [0.3203392]  1.1682428471702613  0.0056542191912190756  nan  nan
163049.81843850986  17.127017847180632  [1.0884423]  [0.59277815]  [0.17170253]  1.2512291318690036  0.005893550087654893  22.978675773619518  26.495442203406267
163058.85870704363  17.88561318795117  [1.17873927]  [0.22258188]  [0.13423072]  1.207057102325096  0.010448278326619723  20.678493211371684  7.3980727927427905
163067.72265828328  19.364652442696343  [1.19053332]  [-0.12677979]  [0.15052946]  1.2066904384425154  0.02876749092311824  19.028630350375913  7.654386663739282
163079.03902279542  21.278928180789837  [1.04033512]  [-0.32503733]  [0.03482463]  1.090485755570634  0.030216596106667597  21.394710652497636  8.454146506453924
163091.5735795213  23.057312208898097  [0.65853155]  [-0.63391449]  [-0.01119067]  0.9141316157067146  0.021304522706620994  23.504275969985784  5.4066411948462125
163095.09992540328  23.0900662974067  [0.27761166]  [-0.95976487]  [-0.09672367]  1.0037790184606328  0.0108018286705057  16.7364575760466  7.4758996860758735
163098.54612706066  22.71695886089326  [-0.10459928]  [-1.05435184]  [-0.01228638]  1.059598868567238  0.005844556281086274  nan  nan
163100.40547307115  21.58521667208391  [-0.44275999]  [-1.00063648]  [0.07836886]  1.0970193505072239  0.005190380550382203  nan  nan
163100.79016534917  20.41774927754978  [-0.87159249]  [-0.79122172]  [0.07969071]  1.1798541755057117  0.0056391261791607855  nan  nan
163104.733261199  19.183923661908604  [-1.15998083]  [-0.53461741]  [0.00636936]  1.277267348024225  0.006365836804919639  nan  nan
163107.281847541  17.636111062611292  [-1.35335984]  [-0.35422241]  [0.11668233]  1.403805948369881  0.0073001106955149775  nan  nan
163111.70580873836  16.244877437127847  [-1.40624716]  [-0.05398984]  [0.07821743]  1.4094551930504602  0.011159837609660413  17.021802279314205  5.489894774763464
163112.36299137998  16.135898519823975  [-1.27676238]  [0.29914686]  [-0.10843037]  1.3158146361246905  0.013400735638660798  22.192029347959505  6.041486285989846
163118.30969284457  17.136825337160037  [-1.01497215]  [0.53959231]  [-0.20010022]  1.1667769401637942  0.01052092655362899  20.044472932477262  3.7035761282069593
163122.89394249112  19.12616258971042  [-0.60293011]  [0.65905128]  [-0.31830317]  0.9482564079013958  0.007655590325472094  13.794950468412793  30.70906009022715
163128.00714401997  21.113601412894884  [-0.05262231]  [0.83131353]  [-0.30703289]  0.887761503526525  0.005551538728673695  22.647728616704782  5.791073885284572
163137.19167215802  21.30250646790418  [0.35158417]  [0.8331083]  [-0.22115569]  0.9309085430648804  0.00429209359998831  nan  nan
163145.8953349485  20.66979788846965  [0.67964864]  [0.71538571]  [-0.17687411]  1.0024886256909686  0.004444000691468266  nan  nan
163149.29345007113  19.077292217481816  [0.83269724]  [0.46565314]  [-0.02305017]  0.9543316269737885  0.0057314417742821665  nan  nan
163155.30426691537  17.43508659711696  [1.06289871]  [0.04484719]  [0.05127888]  1.0650795534184916  0.006418884238993771  nan  nan
163169.52185235766  15.969541144660003  [1.21779639]  [-0.33715531]  [0.09213814]  1.2669613999613731  0.007828914237570624  nan  nan
163175.1479769239  15.275087256487808  [1.20279662]  [-0.5916998]  [0.18977114]  1.353824748259601  0.010128614021727024  nan  nan
163187.6184182701  15.837176590643004  [1.06647558]  [-0.81961855]  [0.31541764]  1.3815328491780565  0.009173782235363796  nan  nan
163188.33971629143  16.8808380313305  [0.72895075]  [-0.80088953]  [0.39479978]  1.1526751864946836  0.007890960552055586  nan  nan
163188.99689893308  18.637086550502467  [0.36346533]  [-0.80128197]  [0.42406125]  0.9767229774890134  0.007421665932288666  nan  nan
163189.18924507208  20.64609617571988  [-0.10092639]  [-0.80562039]  [0.353854]  0.8856765849230518  0.0058558178939275935  9.432353970248771  18.96129529844062
163189.44570659078  21.844195209421137  [-0.50142763]  [-0.64083081]  [0.37081993]  0.8942042356934395  0.004815012798545176  nan  nan
163195.0558023121  21.491650878853136  [-0.79570028]  [-0.36965175]  [0.29063879]  0.9242576803230486  0.004973244342381065  nan  nan
163199.83239809764  19.20242207878158  [-1.05155056]  [-0.10725705]  [0.10455198]  1.062164661336852  0.005338653429632514  nan  nan
163202.8137632524  16.48097481203122  [-1.19448739]  [0.17144811]  [-0.04546236]  1.2075849479946228  0.005640057927118454  nan  nan
163214.01792585012  14.51325640207432  [-1.24554341]  [0.40309581]  [-0.15478255]  1.3182648636645098  0.007394729099317534  nan  nan
163219.75625233076  13.89461498269614  [-1.09289346]  [0.57106391]  [-0.24511217]  1.2572231657000092  0.00973559484008591  nan  nan
163223.39480012716  15.014604224382579  [-0.7584609]  [0.90626738]  [-0.3517432]  1.2330072104619496  0.010064143022813088  13.62698774924149  3.596795219288095
163229.3094439019  17.860557462581518  [-0.45368383]  [0.95679646]  [-0.32871551]  1.108757130806238  0.007628442345465019  20.937982354962983  4.606123461839202
163240.9463853124  20.940964255214435  [-0.17054754]  [0.89131177]  [-0.24554653]  0.940115007870966  0.006859335956408832  nan  nan
163244.5047888842  23.259915655874735  [0.23940422]  [0.67184822]  [-0.12988551]  0.7249583855213502  0.00592789361114014  25.115546556297765  3.90207958273578
163249.07300968582  23.270805647580005  [0.5805685]  [0.37017242]  [-0.05324737]  0.69059588867328  0.0052336921122532005  nan  nan
163256.4302495032  21.024637123547965  [0.91745239]  [0.03612317]  [0.01456457]  0.9182787701872174  0.0048986572871608965  20.970495982795356  5.224419659906349
163258.9307493104  17.498363689867187  [1.09360083]  [-0.2946659]  [0.14555202]  1.1419177543089765  0.004795349131963083  19.60871365960803  17.078254454974804
163259.1872108291  14.196088328156733  [1.08102836]  [-0.64012053]  [0.19966269]  1.2721013320045627  0.005307447564274273  nan  nan
163262.84178747042  12.101733735129557  [1.04659412]  [-0.82459646]  [0.26643276]  1.358788063811502  0.007339446848250062  nan  nan
163264.12409506386  11.82955536320541  [0.87815045]  [-0.93388723]  [0.30206778]  1.3170187980023211  0.01066548298477496  nan  nan
163264.4446719622  14.166145729680332  [0.60982208]  [-1.00626796]  [0.25659658]  1.2042840121434137  0.011779738067328457  16.690102447522992  5.253517852346464
163267.5382390314  18.25549772426591  [0.30186194]  [-0.93240866]  [0.17149452]  0.994945686754013  0.008861179577677566  12.20745950350016  5.935619947513273
163274.31844043173  22.06000828394818  [-0.09846713]  [-0.72275861]  [0.09481723]  0.7355719483664899  0.005934320763420184  nan  nan
163276.30601720157  24.258406822041703  [-0.4656794]  [-0.44093212]  [0.03308451]  0.6421627727536225  0.005067572970604688  nan  nan
163284.01589160712  23.62700955448328  [-0.7180255]  [-0.04519727]  [-0.05611637]  0.7216318010719409  0.0050084087497333325  nan  nan
163293.7614293173  20.512507879580117  [-0.84034511]  [0.45374061]  [-0.09103431]  0.9593475329920864  0.005300381204005747  36.12976164053429  56.770913023865106
163301.93614022547  16.140926755862036  [-0.82837732]  [0.77667747]  [-0.02620138]  1.1358359848462136  0.005522754470225314  nan  nan
163303.202418974  11.703380374170896  [-0.84173839]  [1.02368183]  [-0.00332859]  1.325314712394133  0.00641885704235578  nan  nan
163303.9237169953  8.66643571925098  [-0.79155939]  [1.23541609]  [-0.02694727]  1.467496278598403  0.008693558981227686  nan  nan
163304.50075541236  9.356733219095176  [-0.68868185]  [1.28305971]  [-0.01391508]  1.4562687079807664  0.010357782868891234  9.874789999935015  5.561980590609138
163309.30940888778  12.703113653586758  [-0.4439026]  [1.24392119]  [0.03003542]  1.3210948355134788  0.011580301566459504  nan  nan
163309.71013001073  16.70706909807502  [-0.22414233]  [1.04559969]  [0.07462482]  1.0719549187360342  0.011851470535966756  15.439091857407865  5.408005387664162
163310.36731265235  21.06306443462238  [-0.01555512]  [0.7935033]  [0.05053466]  0.7952629715269287  0.008461774981204623  nan  nan
163315.7369756999  24.728935812279826  [0.35385418]  [0.41404464]  [-0.04986711]  0.5469300395837513  0.0047026607439019  nan  nan
163331.4933302543  24.45006504700669  [0.57202065]  [0.04868816]  [-0.14980808]  0.5933132572548602  0.004844000806142182  nan  nan
163339.33143541924  20.4767480839117  [0.71456123]  [-0.40806776]  [-0.23253058]  0.8550950356856915  0.008783745434520294  nan  nan
163355.7449726153  14.83271353796633  [0.64219222]  [-0.71132096]  [-0.239318]  0.9877557660933427  0.011139389774660865  19.2177922874949  6.05977454104874
163356.73876100022  9.622204195242968  [0.44007896]  [-1.06234592]  [-0.32506186]  1.1949533678613076  0.008671880641208524  nan  nan
163359.73615499987  8.229443384512775  [0.25217808]  [-1.21636528]  [-0.33511489]  1.2866391384155493  0.007786378652266073  nan  nan
163362.4931163258  11.579798918737525  [0.17823558]  [-1.26208623]  [-0.18594253]  1.2881010008227067  0.007298367167790204  15.252187700121636  5.098632949501518
163363.8555681438  16.09575366250909  [0.04954069]  [-1.06998143]  [-0.03909441]  1.07184089945033  0.006726588356883473  nan  nan
163366.82090445363  20.355428910762424  [-0.08364184]  [-0.80728579]  [0.06178272]  0.8139554064834703  0.007081458590466973  nan  nan
163368.80848122347  23.121396936842668  [-0.2228736]  [-0.4501668]  [0.16117082]  0.5275403542818607  0.008008917963733285  nan  nan
163370.37930802544  23.775198864497224  [-0.37599603]  [-0.03886933]  [0.20587928]  0.43043015176685784  0.00836526043402753  nan  nan
163383.8755954464  21.364523240921436  [-0.48096748]  [0.43107823]  [0.17358907]  0.6687984139564729  0.00924967491520178  20.740938171995644  17.49496154905074
163394.55080616183  15.91493357918874  [-0.58552628]  [0.82911536]  [0.12337961]  1.0224949107085275  0.01580320852801022  15.781836908947874  4.569433908365719
163401.52335370117  10.289110799061616  [-0.53625439]  [1.18760938]  [-0.01165101]  1.3031195467238383  0.026039745415867878  11.739841658717939  6.679043704157678
163405.4504207061  6.908246730472206  [-0.46712331]  [1.23308585]  [0.09244967]  1.3218365408145158  0.01799570927407191  9.018025179347374  5.004711442081144
163405.53056493067  8.745755876226884  [-0.31688854]  [1.25363623]  [0.06809865]  1.2948588971616544  0.011119424559892914  11.237110456582586  3.8557786744489566
163405.53056493067  13.95587339639916  [-0.11888232]  [1.13255416]  [0.07203915]  1.1410528347500388  0.007875593558935296  nan  nan
163407.53417054543  20.143466371830538  [-0.04976678]  [0.86348291]  [0.01429709]  0.8650340300709626  0.004995515873445637  nan  nan
163415.8691699028  26.503952097377287  [0.04983636]  [0.44451344]  [-0.03462592]  0.4486366226176921  0.0036189909848796734  nan  nan
163436.8509279005  29.096814195014655  [6.31876036e-05]  [9.95501243e-05]  [0.00015504]  0.0001947845617056295  0.004339407687261915  nan  nan
163462.9939739618  24.521407556195896  [0.2863973]  [-0.50890653]  [-0.06304215]  0.5873530249096124  0.009745546179962412  21.007147164300562  16.709322925438652
163470.23901186476  17.797599369945843  [0.34826144]  [-0.90093304]  [-0.13504355]  0.9752964340990891  0.01954596922693128  15.840724353552508  14.62091384031012
163493.03202933818  10.986460243158938  [0.32576346]  [-1.21803082]  [-0.25120809]  1.2856229709133449  0.032561763911165845  11.64572225480362  5.3466172364108475
163501.63951905916  5.243259723795806  [0.26555626]  [-1.3876446]  [-0.25311421]  1.4353203332705344  0.04524367861427576  6.678853892950419  4.130558578757177
163503.0019708772  4.9070332989652865  [0.21698283]  [-1.42897544]  [-0.29123964]  1.4744059419198352  0.03706677420203062  6.849577498371545  4.793768445428424
163504.2361919359  10.029745076560912  [0.16088927]  [-1.34064969]  [-0.24002994]  1.3714376809129771  0.015318660409570917  nan  nan
163504.71705728341  15.67045242721071  [0.11551945]  [-1.1472128]  [-0.24500063]  1.178756658247933  0.008705666993109741  nan  nan
163508.72426851292  21.05896375065753  [-0.00466673]  [-0.86962491]  [-0.17597541]  0.887263553517768  0.007195369307610185  13.333640143422535  21.479547669758563
163514.2061334749  24.481368470188027  [-0.17961489]  [-0.40655503]  [-0.11027189]  0.4579392812680805  0.0061467228890833905  nan  nan
163519.09493117488  25.382427356323618  [-0.11947637]  [0.05202984]  [-0.06629068]  0.14620589098352663  0.005772569989674525  20.715408298174953  42.227063469222735
163545.81501565324  22.528685862310063  [-0.24224539]  [0.50057451]  [-0.00376002]  0.556122117087039  0.007935422374754147  nan  nan
163559.61585112766  15.69932349812318  [-0.18036631]  [0.90585105]  [0.08956716]  0.927965735311706  0.020190192865097056  15.353166641970873  4.168607894800546
163574.1379846234  8.829147649662293  [-0.15384331]  [1.27690566]  [0.30559175]  1.321946347994333  0.06709569159197676  11.445091572727865  8.427136717658053
163578.08108047323  3.421700035151385  [-0.21379201]  [1.43163164]  [0.34617072]  1.4883246750010588  0.06791673122363352  6.946689899805167  5.8314913914343585
163578.321513147  7.197088871697341  [-0.23411875]  [1.24330334]  [0.36203187]  1.3159338336366115  0.035771578999802094  8.662113522740897  4.316249220091216
163588.51585851487  14.499499149039115  [-0.18627752]  [1.00842778]  [0.40454229]  1.1023975526571654  0.017908954103481523  14.66294682869135  3.332858049053936
163602.73344395714  21.294539895193463  [-0.0436948]  [0.55867627]  [0.35855518]  0.6652745558747357  0.010321321224937636  12.548679997991883  14.466691271644313
163618.45774082173  25.052700369516078  [0.07211077]  [0.12138778]  [0.19570832]  0.24132281666987776  0.006812396345920907  nan  nan
163633.268393526  24.313645490945653  [0.16672168]  [-0.27019997]  [0.01186482]  0.31771829950450153  0.007825166622513712  nan  nan
163634.0698357719  20.556029314320398  [0.26969974]  [-0.65603279]  [-0.11966944]  0.719331455596885  0.009665325434405132  8.25863114663681  17.653758352751453
163635.1437683814  14.727443394955035  [0.21320151]  [-0.92841528]  [-0.25929874]  0.9872414374918632  0.019118406178614267  13.745872318347752  4.335735031343684
163638.1732200709  8.05324126249211  [0.13690176]  [-1.10149307]  [-0.45426188]  1.1993260324516084  0.03640810990187415  8.988669847408072  4.916184758719625
163644.87327724663  2.7734031034468862  [0.01988951]  [-1.09148101]  [-0.51218609]  1.2058445104202378  0.04049318886140453  6.943910326003046  5.992522072062984
163646.46013289352  7.194026431220056  [-0.02337804]  [-1.06499045]  [-0.49851751]  1.1761253778744725  0.02648116324720496  10.216306965790276  7.02067466498438
163658.57793965156  13.85639139718527  [-0.16127846]  [-0.86445128]  [-0.37340541]  0.9553629464072102  0.01841552787100918  16.680101935640632  7.804491251007716
163669.7340157145  19.76580789111106  [-0.2521844]  [-0.58046937]  [-0.31675644]  0.7077261542635546  0.014938530285882486  21.578695167989505  17.18960579812838
163679.49558226956  24.711732186728124  [-0.16156152]  [-0.16544614]  [-0.16100022]  0.2817722832968848  0.01323423149293802  20.958327573694227  20.87253038611326
163702.78549393546  24.450257913035887  [-0.08045132]  [0.29518869]  [0.03370312]  0.3078062309521368  0.01257847272031298  8.401921117369232  15.148952221576469
163725.2258768207  20.165345372071734  [0.07380217]  [0.68953682]  [0.25586769]  0.7391725547430656  0.01512959076594082  18.840011670982356  19.203653806381013
163739.12288536463  14.078670256258238  [0.24673664]  [1.04577807]  [0.35119804]  1.1304294757355549  0.028714520593648762  14.692469685872316  4.894659428562707
163745.64662524627  7.086250947556709  [0.29528297]  [1.2196819]  [0.51064668]  1.3548343118061459  0.0554384880338469  9.61660352451508  6.312840749708251
163762.52499894495  1.4853089401183819  [0.25754708]  [1.26378317]  [0.58266606]  1.4152661029407023  0.04739625091761021  6.351859322406203  5.961744043707772
163771.32483480495  7.112757024244793  [0.18183737]  [1.19801651]  [0.57897428]  1.3429518235105948  0.03482260460929764  10.23063032639923  7.0207769426812145
163772.7033154679  13.141886863672884  [0.1470738]  [1.04694492]  [0.48579014]  1.1634932031855456  0.026007459854852193  17.751762220122277  10.25337003617183
163786.9529586  18.72078384130969  [0.10386382]  [0.69751145]  [0.28751881]  0.761562195272027  0.018068130363187135  nan  nan
163812.8074854528  22.621916168459695  [0.1334067]  [0.29460107]  [0.09391259]  0.3367591313934851  0.012128403447995626  20.092023043657008  5.76698032506977
163818.6740426928  23.282424671862994  [0.00021459]  [-0.00037051]  [-0.00012156]  0.0004450855379790485  0.01309827003978388  15.85263849596319  7.067626278458433
163821.92789821114  21.022016256184738  [0.09313363]  [-0.4819292]  [-0.2748055]  0.562536829342734  0.015948834829559045  25.69698753478714  23.097581706671754
163834.5105414718  15.696620395742476  [0.06207781]  [-0.74916943]  [-0.39320497]  0.8483623300406277  0.02779402912838458  17.77127943121463  13.115684651877151
163842.65319469015  9.213205350625572  [-0.0307791]  [-0.90789898]  [-0.46527742]  1.020642443531423  0.07552042277388868  13.170913526589613  10.689859009231265
163851.59729015443  4.449865803650893  [-0.13753534]  [-0.98718839]  [-0.48430134]  1.1081537202099339  0.07940190375356324  9.925151948208105  9.175740449426403
163860.14066449573  7.025312245946072  [-0.20554408]  [-0.98329368]  [-0.42606718]  1.0911682080656826  0.03995051591265229  10.079901253589517  7.373634289449928
163867.2254139495  13.394461200516838  [-0.24069854]  [-0.83207674]  [-0.31787706]  0.9226772499602965  0.02121822831082903  9.426968063116183  10.188958605668143
163881.10639364852  19.502805977908334  [-0.28165138]  [-0.52384582]  [-0.14409171]  0.6119676168701135  0.01159926793917886  22.65454223598969  14.656997419799726
163898.04888272684  22.97724193374932  [-0.2835639]  [-0.16138888]  [0.06034187]  0.33180716599083826  0.00930634773012182  nan  nan
163911.46502592324  22.846912880754243  [-0.18452434]  [0.15568542]  [0.17418638]  0.2977046826264407  0.009392500223172364  nan  nan
163917.7162754413  18.73499496255524  [-0.0769204]  [0.57216166]  [0.33033649]  0.6651375121658432  0.011203564037421104  21.264600196835044  37.545699822674216
163919.44739069242  12.888390166449703  [0.04695534]  [0.8987013]  [0.41348472]  0.9903728806207063  0.015782430687785055  13.286647196512797  4.977611211642215
163922.86153465995  7.160218566898068  [0.15895644]  [1.05429967]  [0.47867093]  1.1687346998058297  0.03399482261369214  12.18134310319829  9.762628250448781
163926.179505558  5.517224936598577  [0.24020966]  [1.10171775]  [0.45217799]  1.2148858438425056  0.05892752904189185  8.249252241513668  7.055744571076488
163942.8174465829  10.269758810467762  [0.30390548]  [0.96555033]  [0.29093042]  1.0532267099153674  0.029415725816466794  14.816440024950413  9.269519006521609
163963.4465699924  14.070202857469843  [0.26804204]  [0.7276537]  [0.20553929]  0.8022299230850513  0.02081727853550419  16.852485809103936  12.25078714463459
163968.04684848388  18.406040522063414  [0.30778327]  [0.42642687]  [0.07854863]  0.5317333008370368  0.016444611388387043  17.587340981854194  19.19992771301003
163980.11656870713  21.476737793411132  [0.18340355]  [0.06347457]  [-0.15589268]  0.24893454921017966  0.00951983346454527  20.09277064159669  4.1104392684672515
164002.5729804373  20.853531973113988  [0.11102319]  [-0.27855356]  [-0.20502991]  0.3632567903902204  0.007429375308477926  nan  nan
164026.7605074186  18.609807341737095  [0.01267306]  [-0.6270052]  [-0.21100779]  0.6616799902585594  0.006578973442506655  nan  nan
164091.0522043848  13.992318567772868  [-0.10421423]  [-0.88488437]  [-0.14644721]  0.9029550011998491  0.007558350751677599  nan  nan
164113.76507763364  8.84594440973691  [-0.24365173]  [-1.0354434]  [-0.01594526]  1.063843718005586  0.009858827451198546  nan  nan
164121.26657705527  6.555292042438736  [-0.34673105]  [-1.13524172]  [0.10375943]  1.191537747243857  0.015002005793463322  3.9389755676957554  3.362195653789474
164131.3166628189  10.073638903123127  [-0.32976632]  [-1.01351147]  [0.1074739]  1.0712151808313608  0.01706898898122887  11.328458944397074  8.203079758851114
164153.59675725494  15.560872875651869  [-0.28581048]  [-0.76016072]  [0.12162848]  0.8211732079056034  0.014010621380740357  16.73648750529532  6.117205657537287
164164.44828526443  21.009936878257555  [-0.25480118]  [-0.35634843]  [0.11187035]  0.4521314147770222  0.008168474052029742  nan  nan
164182.4647069523  23.025720162675803  [-0.16746748]  [0.08142906]  [0.03663596]  0.18978473026062453  0.008396064887564041  nan  nan
164205.46609940968  20.201519707835246  [-0.06587489]  [0.509592]  [-0.05206024]  0.5164627559062457  0.0097076830838779  22.704461733504097  17.121776248016914
164207.1811858159  14.599588329135068  [0.04417466]  [0.84262329]  [-0.1322673]  0.854084334860729  0.009687179708745821  10.269485626659248  6.132490548160681
164213.46449302376  8.812153894201042  [0.13114181]  [1.03889412]  [-0.20689255]  1.0673816997801187  0.008229348077212904  nan  nan
164222.60093462703  6.061800519892703  [0.1875798]  [1.08664064]  [-0.17561178]  1.116608060923912  0.0068404875639512235  nan  nan
164226.44785740736  9.412984489312416  [0.28927121]  [0.97667302]  [-0.14595836]  1.0290150000867926  0.005918421361171827  nan  nan
164231.65723200573  14.718293871423665  [0.38865863]  [0.85458497]  [0.02087138]  0.9390455855796602  0.006427858704672536  nan  nan
164241.771433149  18.75260992649996  [0.33869956]  [0.52435203]  [0.10338011]  0.6327320837214732  0.00772148516655306  nan  nan
164246.67625969392  20.89560933526416  [0.31951248]  [0.18794392]  [0.21866868]  0.4303802185769084  0.009080090514092014  20.293415230806076  22.86107314469507
164271.34465202276  19.972494631368505  [0.17340324]  [-0.21942628]  [0.24851078]  0.37413123664109393  0.011908702857724097  23.75060892094894  24.018628615549467
164295.24365979552  16.517757825273094  [0.07085057]  [-0.52639911]  [0.16599654]  0.5564806171724624  0.025254202533242752  15.810443040073261  10.774968188696912
164320.68143668043  12.883857102301203  [-0.07023665]  [-0.8627516]  [0.14441228]  0.877569604947726  0.04215542942743867  14.209555863892401  7.186790837152284
